Galaxy	rho_dm0	rho16	rho84	sigma_0	sig16	sig84	Yd	Yd16	Yd84	Yb	Yb16	Yb84	BIC	Flag?

DDO170	1.31	1.2	1.42	36.9	36.3	37.52	0.49	0.39	0.61	0.0	0.0	0.0	16.78	
ESO079-G014	0.93	0.91	0.95	19.71	19.1	20.03	0.38	0.37	0.39	0.0	0.0	0.0	6999.84	
F561-1	1.54	1.29	1.84	30.6	28.87	32.24	0.34	0.29	0.41	0.0	0.0	0.0	31.01	
D631-7	1.28	1.24	1.35	45.88	44.57	46.81	0.33	0.28	0.39	0.0	0.0	0.0	49.91	Flag
F571-8	4.69	4.26	5.16	99.66	96.83	102.8	0.2	0.18	0.22	0.0	0.0	0.0	59.71	Flag
DDO168	2.61	2.44	2.83	47.26	44.86	49.35	0.44	0.36	0.54	0.0	0.0	0.0	53.09	Flag
F563-V2	6.67	5.04	8.74	77.76	72.64	83.81	0.63	0.49	0.8	0.0	0.0	0.0	63.71	Flag
DDO154	2.34	2.27	2.42	32.32	31.99	32.67	0.44	0.37	0.52	0.0	0.0	0.0	1.57	
F563-1	3.66	3.0	4.44	67.68	65.3	70.22	0.55	0.44	0.7	0.0	0.0	0.0	102.43	
F568-V1	7.1	5.83	8.78	74.01	70.57	77.69	0.59	0.46	0.76	0.0	0.0	0.0	88.28	
DDO064	3.84	3.21	4.65	36.25	31.95	41.59	0.55	0.44	0.69	0.0	0.0	0.0	56.76	Flag
DDO161	0.86	0.82	0.92	44.51	43.87	45.21	0.4	0.33	0.46	0.0	0.0	0.0	69.46	
F571-V1	1.68	1.29	2.2	53.56	50.67	56.89	0.52	0.41	0.64	0.0	0.0	0.0	33.63	
F574-1	0.98	0.94	1.03	18.26	17.28	19.12	2.74	2.63	2.85	0.0	0.0	0.0	100.5	
ESO116-G012	5.55	4.87	6.27	77.33	75.05	80.03	0.58	0.49	0.68	0.0	0.0	0.0	51.96	Flag
KK98-251	1.42	1.29	1.6	24.84	22.79	26.8	0.47	0.38	0.58	0.0	0.0	0.0	35.98	
F579-V1	12.88	9.06	18.6	70.14	67.66	72.79	0.51	0.4	0.66	0.0	0.0	0.0	83.31	
F583-1	2.03	1.84	2.25	52.04	49.89	54.35	0.52	0.41	0.64	0.0	0.0	0.0	107.91	
NGC0100	0.88	0.81	1.02	21.45	18.07	23.52	1.61	1.55	1.67	0.0	0.0	0.0	255.53	
ESO563-G021	10.75	10.39	11.11	208.52	206.98	210.15	0.2	0.17	0.23	0.0	0.0	0.0	313.09	Flag
NGC0055	1.24	1.15	1.33	61.34	59.6	63.18	0.36	0.31	0.42	0.0	0.0	0.0	66.48	
IC2574	0.71	0.7	0.72	34.42	33.9	34.95	0.22	0.19	0.25	0.0	0.0	0.0	202.8	
NGC0247	0.66	0.59	0.74	73.84	72.98	75.26	1.89	1.82	1.96	0.0	0.0	0.0	149.86	
NGC0024	26.44	21.78	30.98	74.42	73.0	76.18	0.69	0.53	0.87	0.0	0.0	0.0	140.68	Flag
NGC0801	16.66	11.57	25.3	172.49	167.15	178.1	0.48	0.42	0.53	0.0	0.0	0.0	107.85	
IC4202	19.61	18.96	20.28	154.36	153.23	155.45	0.24	0.21	0.27	0.09	0.08	0.1	265.59	Flag
NGC0300	3.41	2.95	3.87	64.74	62.89	67.05	0.67	0.55	0.79	0.0	0.0	0.0	104.42	Flag
NGC1705	153.17	103.36	251.4	50.95	49.88	52.12	0.6	0.49	0.75	0.0	0.0	0.0	57.82	Flag
NGC2366	2.66	2.44	2.9	34.58	33.63	35.64	0.36	0.3	0.43	0.0	0.0	0.0	67.21	
NGC0891	90.41	72.05	111.19	182.44	178.01	187.35	0.23	0.21	0.26	0.35	0.31	0.39	161.15	Flag
NGC2683	25.07	19.83	31.83	141.81	139.15	144.86	0.42	0.36	0.48	0.63	0.51	0.77	71.06	
NGC1090	7.65	6.56	8.76	114.09	112.16	116.47	0.38	0.33	0.43	0.0	0.0	0.0	98.45	
NGC0289	41.18	34.09	51.56	131.75	129.64	133.98	0.4	0.35	0.45	0.0	0.0	0.0	176.03	
NGC1003	1.92	1.82	2.02	80.63	79.58	81.68	0.71	0.66	0.75	0.0	0.0	0.0	154.98	
NGC2976	7.74	6.34	9.31	76.82	69.15	83.29	0.51	0.44	0.58	0.0	0.0	0.0	83.71	Flag
NGC3109	1.82	1.7	1.94	46.8	45.33	48.46	0.53	0.42	0.66	0.0	0.0	0.0	60.46	Flag
NGC2998	7.02	5.67	8.63	160.03	156.0	164.6	0.58	0.52	0.64	0.0	0.0	0.0	95.16	
NGC2915	19.92	15.73	25.62	55.12	54.06	56.23	0.44	0.36	0.52	0.0	0.0	0.0	150.95	
NGC3726	2.13	1.75	2.58	119.87	115.38	124.9	0.41	0.37	0.45	0.0	0.0	0.0	73.61	
NGC3741	2.8	2.51	3.13	31.91	30.97	32.94	0.81	0.66	0.98	0.0	0.0	0.0	58.14	
NGC3769	9.05	7.59	10.78	90.71	88.48	93.21	0.33	0.29	0.38	0.0	0.0	0.0	61.84	
NGC2903	154.57	146.97	162.52	136.62	135.99	137.33	0.1	0.09	0.11	0.0	0.0	0.0	191.05	Flag
NGC3953	9.02	6.89	11.55	150.98	146.74	155.69	0.44	0.38	0.5	0.0	0.0	0.0	39.34	Flag
NGC3877	14.11	12.11	16.34	107.24	105.14	109.5	0.27	0.23	0.32	0.0	0.0	0.0	80.52	Flag
NGC3949	8.59	5.71	13.62	132.01	114.1	149.08	0.41	0.36	0.46	0.0	0.0	0.0	38.27	Flag
NGC3893	21.21	16.1	27.12	142.11	136.82	148.97	0.36	0.31	0.42	0.0	0.0	0.0	53.12	Flag
NGC3917	3.85	3.31	4.37	90.04	88.21	92.21	0.49	0.41	0.59	0.0	0.0	0.0	71.3	Flag
NGC3972	5.17	4.17	6.29	89.98	85.81	95.49	0.55	0.46	0.65	0.0	0.0	0.0	46.16	Flag
NGC3992	3.03	2.37	3.92	179.99	175.17	185.53	0.62	0.53	0.71	0.0	0.0	0.0	45.96	
NGC4010	2.61	2.12	3.15	93.56	88.43	100.67	0.44	0.37	0.51	0.0	0.0	0.0	62.69	Flag
NGC2841	32.37	27.63	37.61	217.46	214.86	220.44	0.57	0.5	0.65	0.59	0.54	0.65	257.43	Flag
NGC4085	6.65	5.32	8.68	111.79	102.15	121.04	0.32	0.28	0.37	0.0	0.0	0.0	42.95	Flag
NGC3521	22.4	18.01	33.47	190.71	180.01	197.08	0.51	0.49	0.53	0.0	0.0	0.0	226.82	Flag
NGC4051	8.8	6.94	11.17	115.89	111.78	120.54	0.38	0.34	0.43	0.0	0.0	0.0	38.63	Flag
NGC3198	6.55	6.24	6.86	104.93	103.95	105.96	0.41	0.37	0.44	0.0	0.0	0.0	145.64	
NGC2403	9.62	9.43	9.82	95.55	95.13	95.98	0.63	0.62	0.64	0.0	0.0	0.0	943.24	Flag
NGC4138	38.58	28.55	51.97	131.98	128.31	136.27	0.42	0.34	0.5	0.63	0.51	0.77	49.36	Flag
NGC4088	4.92	3.94	6.07	127.33	123.33	132.3	0.29	0.26	0.32	0.0	0.0	0.0	60.72	Flag
NGC4013	2.54	2.14	3.1	147.08	142.11	152.09	0.45	0.4	0.5	0.8	0.65	0.97	165.87	Flag
NGC4214	39.38	27.04	57.38	58.32	55.55	62.28	0.69	0.56	0.84	0.0	0.0	0.0	73.3	Flag
NGC4157	7.68	5.67	10.09	143.6	138.84	150.04	0.35	0.31	0.39	0.66	0.53	0.81	89.0	Flag
NGC4100	10.24	8.62	12.09	125.14	123.1	127.53	0.46	0.4	0.52	0.0	0.0	0.0	114.09	Flag
NGC4183	4.15	3.38	4.98	73.64	71.82	75.96	0.66	0.53	0.82	0.0	0.0	0.0	99.29	
NGC4217	10.3	8.09	12.61	143.58	138.26	150.55	0.69	0.56	0.84	0.19	0.17	0.22	114.42	Flag
NGC5005	54.42	34.69	91.94	229.15	213.72	242.39	0.43	0.37	0.49	0.52	0.46	0.58	120.95	Flag
NGC5585	3.04	2.8	3.29	67.01	65.69	68.43	0.57	0.55	0.6	0.0	0.0	0.0	149.54	Flag
NGC5371	35.76	3.29	50.41	158.68	155.8	198.7	0.33	0.29	0.58	0.0	0.0	0.0	142.73	
NGC5033	137.85	121.82	156.73	157.24	155.1	159.88	0.3	0.24	0.37	0.07	0.06	0.08	293.51	
NGC5907	2.8	2.0	10.96	166.85	148.08	175.43	0.64	0.24	0.72	0.0	0.0	0.0	160.11	
NGC4559	3.97	3.38	4.63	87.14	84.62	90.11	0.42	0.37	0.47	0.0	0.0	0.0	125.2	
PGC51017	2.1	1.96	2.3	13.36	11.96	14.36	0.33	0.27	0.39	0.0	0.0	0.0	36.37	
NGC5055	50.86	49.79	51.95	134.44	134.07	134.82	0.1	0.09	0.1	0.0	0.0	0.0	344.23	
NGC5985	24.92	23.59	26.28	191.66	190.45	192.97	0.27	0.23	0.31	1.01	0.84	1.18	177.64	Flag
NGC6195	12.42	9.01	17.1	213.01	204.75	222.21	0.28	0.25	0.32	0.67	0.64	0.7	136.48	Flag
NGC6674	58.79	38.22	90.61	210.24	206.07	214.99	0.55	0.47	0.64	0.9	0.77	1.04	88.58	
UGC01230	3.39	2.7	4.33	69.56	66.56	72.48	0.57	0.45	0.71	0.0	0.0	0.0	63.43	
UGC00731	4.27	3.78	4.81	41.28	40.53	42.03	0.55	0.44	0.69	0.0	0.0	0.0	42.16	
NGC7814	488.51	358.05	663.77	197.0	190.94	202.99	0.94	0.8	1.08	0.35	0.3	0.4	85.69	Flag
UGC02259	11.93	10.27	13.83	53.66	52.98	54.41	0.57	0.45	0.73	0.0	0.0	0.0	36.56	Flag
NGC6503	20.56	19.47	21.69	82.31	81.76	82.87	0.29	0.27	0.32	0.0	0.0	0.0	79.59	
UGC00128	1.64	1.59	1.69	80.98	80.3	81.84	0.61	0.49	0.75	0.0	0.0	0.0	146.66	
NGC6015	3.21	3.03	3.54	135.75	133.31	137.21	0.93	0.91	0.94	0.0	0.0	0.0	526.48	Flag
UGC01281	2.37	2.04	2.76	41.02	38.25	44.55	0.51	0.41	0.64	0.0	0.0	0.0	91.92	Flag
UGC02487	6.73	5.45	8.27	259.13	255.04	264.11	0.91	0.8	1.02	0.52	0.44	0.62	132.2	
UGC04325	18.79	16.39	21.58	56.83	55.78	57.92	0.53	0.42	0.67	0.0	0.0	0.0	26.59	Flag
NGC7331	17.3	14.66	20.44	188.08	184.63	191.83	0.28	0.25	0.3	0.58	0.48	0.69	142.37	Flag
UGC04499	3.2	2.72	3.73	48.35	46.67	50.3	0.52	0.42	0.62	0.0	0.0	0.0	27.84	
UGC05005	1.06	0.87	1.3	59.68	55.71	63.89	0.46	0.37	0.56	0.0	0.0	0.0	64.19	
UGC04305	1.59	1.41	1.83	19.58	18.42	20.48	0.33	0.28	0.39	0.0	0.0	0.0	121.45	
UGC04278	1.71	1.56	1.93	75.45	68.32	81.88	0.64	0.53	0.77	0.0	0.0	0.0	106.52	Flag
UGC02885	39.69	29.36	52.26	229.72	224.72	235.79	0.43	0.37	0.5	0.82	0.76	0.89	119.62	Flag
UGC06399	0.97	0.88	1.06	18.61	16.88	20.46	2.45	2.3	2.59	0.0	0.0	0.0	62.1	
UGC05716	2.63	2.5	2.75	47.38	46.55	48.29	0.95	0.8	1.11	0.0	0.0	0.0	32.52	
UGC03580	5.74	5.27	6.25	88.6	87.63	89.61	0.49	0.46	0.51	0.19	0.18	0.21	232.09	
UGC03546	232.93	164.48	314.81	166.21	162.6	170.86	0.58	0.53	0.64	0.27	0.24	0.3	183.22	Flag
UGC06667	0.88	0.71	1.24	23.07	18.97	52.21	11.31	2.97	11.93	0.0	0.0	0.0	59.14	
UGC06628	1.75	1.47	2.13	32.64	30.46	34.85	0.36	0.3	0.44	0.0	0.0	0.0	44.51	
UGC05986	7.32	6.46	8.13	79.62	77.61	82.1	0.55	0.45	0.65	0.0	0.0	0.0	53.99	Flag
UGC02916	58.01	30.26	238.01	151.51	136.19	160.82	0.96	0.75	1.3	0.37	0.08	0.43	636.67	
UGC06446	7.97	6.69	9.48	51.23	49.92	52.74	0.71	0.56	0.91	0.0	0.0	0.0	68.5	
UGC06614	4.41	3.66	5.36	174.99	167.71	182.64	0.42	0.34	0.51	0.38	0.34	0.43	82.55	
UGC06818	1.39	1.23	1.62	59.18	54.03	62.73	0.38	0.32	0.45	0.0	0.0	0.0	40.95	Flag
UGC05721	52.62	45.92	60.25	53.51	52.57	54.52	0.57	0.47	0.68	0.0	0.0	0.0	93.59	Flag
UGC03205	118.39	107.4	130.53	155.09	153.98	156.36	0.27	0.24	0.31	0.5	0.45	0.56	252.12	
UGC06923	4.44	3.36	6.02	64.22	58.17	72.23	0.5	0.42	0.59	0.0	0.0	0.0	27.66	Flag
NGC6946	451.5	340.26	575.26	141.18	137.62	145.19	0.44	0.41	0.47	0.43	0.4	0.46	285.27	Flag
UGC06917	4.03	3.33	4.79	72.37	69.59	75.94	0.6	0.49	0.72	0.0	0.0	0.0	40.58	Flag
UGC06930	3.41	2.73	4.3	70.74	68.25	73.61	0.6	0.48	0.73	0.0	0.0	0.0	45.56	
UGC07125	1.44	1.25	1.6	37.64	36.74	38.46	0.41	0.34	0.52	0.0	0.0	0.0	37.47	
UGC06973	19.8	17.77	23.16	160.06	153.62	164.69	0.16	0.15	0.18	0.43	0.36	0.51	45.79	Flag
UGC07261	5.55	4.09	7.5	49.75	46.95	53.2	0.64	0.52	0.78	0.0	0.0	0.0	34.29	Flag
UGC07151	6.91	5.47	8.52	48.77	46.79	51.21	0.7	0.58	0.83	0.0	0.0	0.0	35.32	Flag
UGC07399	23.0	20.18	26.05	64.56	63.05	66.34	0.74	0.59	0.93	0.0	0.0	0.0	35.43	Flag
UGC06983	5.74	4.83	6.81	72.07	70.07	74.4	0.64	0.52	0.78	0.0	0.0	0.0	73.69	
UGC07690	20.78	15.56	27.41	42.64	40.88	44.7	0.61	0.52	0.72	0.0	0.0	0.0	27.49	Flag
UGC07603	10.66	9.12	12.39	43.37	41.88	45.19	0.56	0.46	0.68	0.0	0.0	0.0	35.42	Flag
UGC06786	177.37	160.94	194.79	162.81	161.45	164.3	0.31	0.27	0.36	0.52	0.49	0.55	189.99	Flag
UGC08550	8.65	7.24	10.28	37.02	36.0	38.26	0.71	0.57	0.88	0.0	0.0	0.0	29.72	
UGC09992	3.83	2.94	5.07	23.9	22.3	25.95	0.5	0.4	0.61	0.0	0.0	0.0	23.85	
UGC08286	10.65	9.58	11.77	52.43	51.81	53.18	0.56	0.44	0.71	0.0	0.0	0.0	57.05	Flag
UGC07524	2.54	2.33	2.77	48.32	47.42	49.31	0.61	0.5	0.74	0.0	0.0	0.0	93.07	
UGC10310	3.53	2.75	4.55	45.54	43.07	48.35	0.59	0.47	0.75	0.0	0.0	0.0	29.93	
UGC05253	459.54	434.05	483.59	181.81	180.84	182.89	0.34	0.31	0.37	0.43	0.41	0.44	813.98	Flag
UGCA442	2.59	2.34	2.88	38.67	38.03	39.36	0.53	0.42	0.66	0.0	0.0	0.0	20.69	
UGC06787	45.75	42.85	49.85	225.95	224.44	226.75	1.69	1.67	1.71	0.46	0.45	0.47	1454.9	Flag
UGC08490	21.77	19.11	24.75	54.75	53.83	55.79	0.79	0.66	0.92	0.0	0.0	0.0	93.59	
UGC12632	3.07	2.68	3.52	43.32	42.44	44.26	0.56	0.44	0.7	0.0	0.0	0.0	46.0	
UGC09037	2.03	1.76	2.29	110.54	107.02	114.71	0.23	0.21	0.26	0.0	0.0	0.0	110.1	
UGC02953	147.48	140.13	155.06	221.0	220.19	221.81	0.48	0.47	0.5	0.49	0.48	0.5	1612.86	Flag
UGC12506	8.09	6.2	10.18	157.89	155.77	160.62	0.55	0.43	0.72	0.0	0.0	0.0	198.55	
UGC11455	6.3	5.66	6.93	187.74	185.13	190.7	0.27	0.24	0.3	0.0	0.0	0.0	209.35	Flag
UGCA444	3.96	3.36	4.68	22.76	21.24	24.67	0.54	0.43	0.68	0.0	0.0	0.0	115.5	Flag
UGC08699	585.54	400.52	765.39	142.96	140.36	146.63	0.59	0.51	0.69	0.46	0.42	0.52	180.48	Flag
UGC11914	114.29	92.09	157.3	264.63	253.76	272.39	0.32	0.28	0.36	0.98	0.95	1.0	325.09	Flag
UGC09133	150.38	140.39	160.28	192.5	191.64	193.39	0.59	0.56	0.61	0.25	0.24	0.26	851.7	