Galaxy	c	c16	c84	v200	v16	v84	Yd	Yd16	Yd84	Yb	Yb16	Yb84	BIC
D631-7	5.31	4.88	6.04	74.3	65.84	77.1	0.3	0.21	0.42	0	0	0	131.66
DDO064	11.85	8.77	17.96	42.41	28.04	54.45	0.52	0.33	0.81	0	0	0	62.94
DDO154	7.71	7.14	8.54	55.22	50.6	59.06	0.28	0.2	0.39	0	0	0	90.36
DDO161	4.2	3.56	5.06	80.26	70.62	90.8	0.32	0.22	0.45	0	0	0	81.24
DDO168	7.74	7.08	8.81	64.43	56.54	67.14	0.43	0.29	0.64	0	0	0	122.86
DDO170	8.5	6.96	10.2	49.64	45.29	55.51	0.49	0.32	0.75	0	0	0	23.71
ESO079-G014	6.79	5.32	8.73	197.06	162.17	227.32	0.56	0.39	0.75	0	0	0	104.34
ESO116-G012	10.34	8.22	12.98	110.48	93.76	131.58	0.47	0.33	0.63	0	0	0	71.43
ESO563-G021	4.54	3.62	6.23	368.18	295.27	431.19	0.88	0.82	0.93	0	0	0	619.66
F561-1	9.74	6.62	13.81	34.97	32.7	40.99	0.35	0.24	0.49	0	0	0	30.5
F563-1	10.92	7.77	14.68	90.23	75.62	113.17	0.53	0.34	0.82	0	0	0	109.75
F563-V2	11.86	8.99	16.92	114.26	82.12	137.51	0.56	0.35	0.89	0	0	0	69.94
F568-V1	16.97	11.91	23.39	87.83	70.49	116.01	0.55	0.35	0.87	0	0	0	90.46
F571-8	8.93	8.22	10.14	164.1	146.22	170.88	0.14	0.11	0.18	0	0	0	97.14
F571-V1	10.78	6.65	16.86	64.53	51.2	89.51	0.51	0.33	0.79	0	0	0	36.07
F574-1	10.96	8.21	13.98	82.4	70.29	101.19	0.55	0.35	0.85	0	0	0	70.12
F579-V1	22.88	16.09	31.5	67.25	56.2	81.95	0.56	0.35	0.87	0	0	0	79.89
F583-1	7.27	5.68	9.21	86.21	69.76	108.21	0.51	0.33	0.82	0	0	0	142.06
IC2574	2.08	1.84	2.3	93.87	91.87	94.34	0.8	0.61	0.99	0	0	0	1301.63
IC4202	24.73	23.04	26.5	132.59	124.12	140.87	0.53	0.44	0.63	0.11	0.09	0.15	684.26
KK98-251	6.22	4.69	8.87	33.55	23.66	44.17	0.54	0.35	0.84	0	0	0	63.3
NGC0024	19.95	11.48	27.81	67.93	61.1	85.8	1.0	0.6	1.43	0	0	0	142.71
NGC0055	5.07	4.49	6.09	105.95	89.94	115.35	0.29	0.21	0.4	0	0	0	109.17
NGC0100	7.43	6.2	9.52	101.34	81.72	112.72	0.41	0.28	0.56	0	0	0	97.38
NGC0247	8.26	6.85	9.49	89.36	78.33	102.97	0.62	0.4	0.92	0	0	0	120.34
NGC0289	10.55	7.91	13.85	121.01	113.65	130.88	0.59	0.47	0.7	0	0	0	180.03
NGC0300	9.48	7.11	11.93	89.79	77.86	109.86	0.5	0.33	0.7	0	0	0	108.33
NGC0801	5.42	3.66	7.7	156.71	139.4	188.03	0.59	0.55	0.62	0	0	0	111.09
NGC0891	24.03	18.46	30.11	123.76	115.06	136.91	0.23	0.18	0.28	0.52	0.41	0.64	111.77
NGC1003	6.01	5.08	7.0	105.47	98.24	114.78	0.64	0.53	0.74	0	0	0	159.95
NGC1090	12.02	8.54	15.85	108.03	101.68	119.28	0.47	0.38	0.57	0	0	0	127.65
NGC1705	31.32	20.37	44.65	42.54	36.33	53.38	0.74	0.45	1.2	0	0	0	59.05
NGC2366	7.15	6.41	8.6	59.32	50.14	64.23	0.32	0.22	0.44	0	0	0	132.17
NGC2403	21.78	20.21	23.49	80.31	78.64	82.16	0.32	0.27	0.37	0	0	0	743.19
NGC2683	15.14	9.09	23.9	99.04	87.13	118.02	0.62	0.5	0.73	0.71	0.46	1.1	66.07
NGC2841	8.93	7.12	11.23	214.3	197.06	236.78	1.07	0.95	1.18	0.94	0.83	1.06	269.6
NGC2903	34.53	30.0	39.68	99.95	97.2	103.18	0.27	0.24	0.31	0	0	0	281.36
NGC2915	19.63	14.78	25.61	58.18	51.55	67.7	0.43	0.28	0.63	0	0	0	159.33
NGC2976	7.02	4.78	9.89	65.31	52.39	104.96	0.71	0.61	0.8	0	0	0	108.82
NGC2998	12.75	7.95	20.37	133.13	122.32	151.53	0.56	0.38	0.71	0	0	0	82.6
NGC3109	5.38	5.09	5.7	86.94	83.67	88.11	0.47	0.31	0.72	0	0	0	330.18
NGC3198	14.11	12.24	16.14	102.29	99.64	105.65	0.46	0.39	0.53	0	0	0	171.23
NGC3521	8.36	5.87	13.53	199.18	140.27	270.88	0.52	0.49	0.55	0	0	0	224.55
NGC3726	7.81	4.67	12.0	126.0	103.13	173.0	0.43	0.34	0.51	0	0	0	75.62
NGC3741	7.2	6.12	9.02	56.07	46.38	64.32	0.48	0.32	0.71	0	0	0	52.15
NGC3769	13.49	9.62	18.43	84.8	74.6	98.6	0.39	0.29	0.52	0	0	0	61.92
NGC3877	19.17	13.93	24.98	96.58	82.05	119.91	0.34	0.24	0.44	0	0	0	107.31
NGC3893	14.29	8.24	22.16	126.37	102.53	182.45	0.47	0.37	0.56	0	0	0	56.62
NGC3917	7.0	4.72	9.61	123.54	96.86	165.88	0.8	0.61	0.98	0	0	0	104.5
NGC3949	10.8	6.84	17.68	136.7	90.61	196.09	0.43	0.33	0.52	0	0	0	37.44
NGC3953	12.02	6.09	23.57	132.0	108.04	178.51	0.55	0.41	0.68	0	0	0	43.8
NGC3972	9.73	7.36	13.62	134.46	99.17	162.26	0.47	0.32	0.67	0	0	0	48.57
NGC3992	14.55	8.15	23.03	146.28	133.23	171.23	0.7	0.5	0.88	0	0	0	44.42
NGC4010	7.89	6.12	10.71	135.56	103.67	159.79	0.39	0.28	0.54	0	0	0	71.58
NGC4013	5.72	4.0	8.32	176.08	142.28	227.3	0.51	0.43	0.59	0.82	0.54	1.21	164.76
NGC4051	11.8	6.6	19.79	98.04	80.81	149.45	0.42	0.32	0.52	0	0	0	40.16
NGC4085	10.15	7.33	14.42	134.23	90.54	160.04	0.33	0.24	0.43	0	0	0	54.48
NGC4088	9.28	5.35	15.02	119.75	96.69	171.53	0.33	0.27	0.39	0	0	0	60.47
NGC4100	19.5	12.96	27.14	96.94	89.12	109.34	0.6	0.48	0.72	0	0	0	116.93
NGC4138	13.67	7.47	23.63	96.33	75.67	144.21	0.65	0.47	0.82	0.73	0.47	1.11	50.55
NGC4157	8.41	5.06	13.72	146.07	116.2	204.72	0.43	0.35	0.49	0.66	0.43	1.0	89.79
NGC4183	15.5	11.27	19.66	70.2	64.12	77.96	0.57	0.37	0.85	0	0	0	93.72
NGC4214	18.71	11.8	30.05	60.97	45.82	86.52	0.69	0.44	0.97	0	0	0	69.52
NGC4217	9.74	6.64	14.19	166.61	129.97	222.99	0.86	0.57	1.22	0.21	0.17	0.25	129.26
NGC4559	11.37	7.99	15.21	87.88	78.84	103.36	0.39	0.28	0.5	0	0	0	124.47
NGC5005	9.34	5.88	15.57	231.05	150.85	324.92	0.48	0.36	0.59	0.53	0.42	0.66	120.94
NGC5033	26.35	22.45	30.45	119.79	117.01	122.94	0.38	0.28	0.49	0.42	0.33	0.53	126.82
NGC5055	18.73	17.25	20.49	115.38	113.77	117.07	0.3	0.28	0.32	0	0	0	117.04
NGC5371	3.26	2.44	4.13	150.52	144.48	172.91	0.6	0.58	0.62	0	0	0	242.83
NGC5585	8.65	6.95	10.32	91.48	81.26	107.64	0.28	0.21	0.36	0	0	0	169.76
NGC5907	24.33	4.56	32.58	123.4	120.04	185.38	0.4	0.26	0.84	0	0	0	142.22
NGC5985	36.27	33.1	39.06	153.04	147.43	158.28	0.33	0.24	0.44	0.72	0.47	1.09	192.77
NGC6015	7.91	5.1	24.22	124.08	87.85	161.8	0.86	0.47	0.93	0	0	0	457.37
NGC6195	6.27	4.0	8.88	210.94	174.25	283.5	0.31	0.24	0.39	0.7	0.67	0.73	134.96
NGC6503	19.21	17.01	21.69	74.54	72.16	77.28	0.41	0.35	0.46	0	0	0	89.13
NGC6674	2.92	2.12	3.96	267.02	228.06	321.81	1.13	1.04	1.21	0.99	0.61	1.61	84.76
NGC6946	12.62	8.62	17.27	110.9	98.95	135.49	0.46	0.4	0.52	0.5	0.45	0.55	281.65
NGC7331	9.28	7.26	11.62	185.44	166.89	213.23	0.36	0.33	0.39	0.59	0.4	0.85	150.46
NGC7814	17.94	12.04	24.33	136.34	121.43	164.86	0.67	0.42	1.05	0.58	0.5	0.66	76.35
PGC51017	7.73	5.48	10.54	15.31	14.81	17.19	0.33	0.23	0.45	0	0	0	35.59
UGC00128	11.7	10.63	12.54	95.88	94.46	97.48	0.47	0.31	0.7	0	0	0	89.8
UGC00731	13.28	10.88	16.03	52.8	47.45	59.92	0.53	0.34	0.84	0	0	0	35.3
UGC01230	14.41	10.38	19.71	73.44	63.26	85.47	0.56	0.35	0.88	0	0	0	70.15
UGC01281	7.48	6.38	9.4	64.33	51.12	70.37	0.51	0.33	0.78	0	0	0	128.05
UGC02259	25.57	20.89	30.65	51.28	47.19	56.34	0.56	0.36	0.88	0	0	0	22.88
UGC02487	13.86	7.12	21.37	202.58	191.95	236.13	1.1	0.82	1.47	0.68	0.47	0.94	123.5
UGC02885	8.14	5.49	11.18	230.29	206.24	269.91	0.46	0.33	0.61	1.01	0.89	1.13	112.19
UGC02916	17.85	14.37	21.55	120.77	109.88	132.19	0.62	0.39	0.94	0.45	0.42	0.47	576.11
UGC02953	16.09	14.84	17.49	167.8	163.95	171.95	0.61	0.59	0.63	0.64	0.62	0.67	987.38
UGC03205	8.58	5.73	14.78	158.75	131.16	196.55	0.7	0.55	0.79	1.12	1.02	1.22	338.35
UGC03546	16.27	11.68	21.46	119.37	110.95	133.2	0.51	0.38	0.63	0.43	0.36	0.5	160.6
UGC03580	8.87	7.85	9.96	106.09	100.09	113.46	0.4	0.34	0.46	0.17	0.14	0.2	234.18
UGC04278	6.73	5.98	8.04	110.95	92.12	118.12	0.4	0.27	0.58	0	0	0	138.96
UGC04305	7.25	5.14	9.84	23.6	22.79	25.88	0.35	0.25	0.47	0	0	0	122.98
UGC04325	24.36	19.21	29.85	56.4	48.79	66.67	0.64	0.39	1.02	0	0	0	40.92
UGC04499	10.44	7.15	14.29	60.13	49.18	80.56	0.46	0.31	0.69	0	0	0	33.59
UGC05005	7.07	4.69	10.3	79.53	62.85	105.95	0.46	0.3	0.69	0	0	0	67.61
UGC05253	21.03	19.17	22.87	143.15	140.0	146.61	0.24	0.18	0.31	0.61	0.6	0.62	405.06
UGC05716	12.61	11.3	13.8	54.43	52.04	57.36	0.48	0.31	0.71	0	0	0	25.79
UGC05721	32.58	25.94	39.58	45.92	42.04	51.1	0.54	0.35	0.8	0	0	0	104.91
UGC05986	9.74	8.38	12.04	126.86	107.67	137.09	0.67	0.5	0.85	0	0	0	114.0
UGC06399	10.25	7.59	14.74	81.01	60.69	103.49	0.53	0.34	0.81	0	0	0	40.34
UGC06446	18.46	13.99	23.7	55.04	48.23	64.8	0.55	0.35	0.87	0	0	0	65.1
UGC06614	6.29	4.25	8.92	181.46	148.9	231.44	0.44	0.29	0.64	0.48	0.37	0.59	80.35
UGC06628	9.96	6.62	14.58	34.64	31.98	42.69	0.36	0.25	0.51	0	0	0	43.13
UGC06667	10.37	8.61	13.4	86.1	69.85	100.67	0.54	0.34	0.84	0	0	0	37.82
UGC06786	22.62	18.95	26.31	139.28	134.18	146.32	0.4	0.3	0.53	0.64	0.56	0.71	190.61
UGC06787	4.31	4.16	4.64	333.73	314.28	339.12	1.68	1.64	1.73	0.47	0.45	0.49	1488.83
UGC06818	7.37	5.4	10.83	71.33	49.78	91.71	0.38	0.25	0.54	0	0	0	57.86
UGC06917	11.2	7.66	15.16	92.05	74.81	123.75	0.48	0.32	0.7	0	0	0	45.4
UGC06923	11.69	7.92	18.76	68.48	46.63	95.09	0.47	0.31	0.68	0	0	0	29.88
UGC06930	13.69	9.01	19.58	72.59	60.68	91.45	0.53	0.34	0.81	0	0	0	46.17
UGC06973	13.37	11.42	17.61	177.31	137.91	197.18	0.17	0.14	0.2	0.44	0.31	0.61	49.01
UGC06983	16.1	11.69	20.79	74.99	66.29	88.33	0.55	0.35	0.84	0	0	0	76.94
UGC07125	8.42	6.39	10.4	45.12	42.42	50.81	0.42	0.29	0.6	0	0	0	41.88
UGC07151	12.26	7.87	17.16	56.31	44.23	79.26	0.69	0.46	0.95	0	0	0	49.67
UGC07261	16.23	9.58	25.45	51.54	39.21	77.0	0.55	0.35	0.83	0	0	0	30.87
UGC07399	22.06	17.26	27.01	73.19	63.52	88.76	0.55	0.35	0.85	0	0	0	39.47
UGC07524	8.33	6.7	10.06	73.28	64.01	86.69	0.46	0.31	0.7	0	0	0	110.2
UGC07603	13.76	11.18	18.42	59.51	47.19	69.86	0.49	0.33	0.72	0	0	0	48.06
UGC07690	19.62	10.83	32.75	34.59	26.84	51.84	0.66	0.44	0.92	0	0	0	29.28
UGC08286	19.23	15.13	22.83	55.06	51.27	60.65	0.77	0.46	1.2	0	0	0	69.24
UGC08490	26.32	20.47	31.95	47.11	44.26	51.22	0.61	0.39	0.93	0	0	0	92.18
UGC08550	16.75	12.32	21.31	40.67	35.63	49.28	0.6	0.38	0.91	0	0	0	30.07
UGC08699	10.49	6.46	15.05	133.63	114.33	178.12	0.81	0.63	0.98	0.66	0.61	0.72	184.88
UGC09037	7.02	5.04	9.29	148.64	125.39	188.21	0.21	0.16	0.26	0	0	0	124.7
UGC09133	8.5	7.75	9.34	167.29	164.28	170.63	0.77	0.72	0.82	0.54	0.52	0.56	660.74
UGC09992	16.94	10.24	26.38	21.06	18.3	30.76	0.5	0.32	0.75	0	0	0	23.0
UGC10310	14.08	8.83	21.03	50.57	39.15	71.85	0.55	0.35	0.87	0	0	0	31.24
UGC11455	5.21	3.64	7.19	274.96	227.19	357.22	0.5	0.46	0.53	0	0	0	325.17
UGC11914	11.78	10.4	14.35	312.49	257.55	333.73	0.35	0.29	0.41	0.99	0.96	1.01	332.93
UGC12506	23.48	18.04	28.74	137.47	127.97	146.95	0.58	0.37	0.87	0	0	0	180.1
UGC12632	12.78	9.91	16.0	51.92	46.06	60.11	0.54	0.34	0.84	0	0	0	49.39
UGCA442	7.85	6.5	9.86	61.58	52.09	71.54	0.51	0.33	0.78	0	0	0	29.44
UGCA444	9.79	7.36	14.09	34.22	24.15	45.34	0.53	0.33	0.83	0	0	0	112.14